4545 4545 4545авф
45 45 4545авф
45 45 4545авф
45 45 45
8 - 43
8 5 43
8 5 43
8 5 43
8 5 43
8 5 43
8 5 43

45 45 45
45 45 45
155 0 0   
      155 0 0   
      155 0 0 4545  
      155 0 05
      155 0 50
      15 0 50
15 0 50
1456464ап6ыв
1456464ап6ыв афыв аф
1456 афыв аф
146 афыв аф
146 45 45
146 45 45

255 255 255
255 255 255
255 255 255
0 0 0

45 45 45 
45 45 45 
45 45 45 
45 45 45 
45 45 45 
45 45 45         
45 45 45         
45 45 45         
45 45 45         
   89 89 89     
 78 78   95
 78 78 95
998     89          
7878 7878 78


 78 78    89

54 54 2
54 54 2

45 48 0
